 1  8:07  6.57
 1 15:37 -0.39
 2  8:55  5.38
 2 16:25 -1.74
 3  9:45  5.26
 3 17:14 -1.36
 4 10:35  4.13
 4 18:00 -1.15
 5 11:28  3.48
 5 18:46 -1.61
 6 12:22  2.62
 6 19:31  0.05
 7 13:24  1.83
 7 20:16  1.01
 8  3:22  3.57
 8 21:01  0.73
 9  4:07  4.54
 9 21:46  2.17
10  4:50  3.76
10 11:58  2.88
11  531  3.90 
11 1256  1.92
12  608  4.73
12 1345  1.74
13  647  5.66
13 1425  0.79
14  722  5.33
14 1500 -0.04
15  759  5.23
15 1534 -1.12
16  834  6.67
#16 1608 -0.61
17 550  4.74
17 1001 -0.93
18 585  4.69
18 1032 -1.29
19 621  4.20
19 1065  0.22
20 657  3.68
20 1095  0.26
21 698  2.47
21 1128  0.36
22 745  2.59
22 1160  0.99
23 142  4.10
23 1192  1.87
24 178  3.17
24 1230  1.60
25 217  3.71
25 644  3.10
26 263  4.04
26 715  2.49
27 315  4.07
27 777  2.18
28 369  5.93
28 830  0.70
29 425  6.89
29 879  0.21
30 478  6.72
30 927  0.22
31 530  6.77
31 970 -1.68
32 580  5.77
32 1012 -1.32
33 630  4.35
33 1054 -0.73
34 679  4.23
34 1092 -0.38
35 730  2.24
35 1129 -0.61
36 92  3.45
36 1164 -0.46
37 133  4.13
37 1200  1.21
38 174  3.34
38 594  2.58
39 219  3.32
39 675  3.26
40 269  5.21
40 742  2.39
41 321  4.83
41 794  2.41}

